A = [-6 8 1; -11 13 1; 6 -2 2]
b = [-4; -7; 14]

C  = [A b]